## code to prepare `sample_data` dataset goes here
sample_data <- list(
  time = c(1.203276, 0.746456, 0.040596, 0.461725, 1.477783, 0.358233,
           0.097861, 0.145418, 0.194324, 0.19534, 0.209859, 1.961416, 0.795233,
           0.150683, 0.092301, 0.325223, 0.609156, 0.181294, 0.416781, 0.798244,
           1.162563, 1.017656, 9.312708, 3.862834, 1.287055, 0.083647, 0.323636,
           0.439756, 1.141768, 0.123658, 1.110457, 8.241468, 0.12329, 2.724321,
           0.350456, 0.412857, 1.062832, 4.85909, 0.151103, 0.883407, 0.675118,
           0.046053, 2.756027, 1.078208, 0.481603, 0.345054, 7.259957, 5.825552,
           3.013623, 0.717874, 3.717823, 4.716346, 3.400772, 0.064388, 0.624995,
           3.050189, 1.672159, 1.4937, 1.558128, 1.32889, 0.541945, 0.1828,
           5.115881, 1.650361, 2.091151, 0.026788, 0.203188, 1.403983, 0.917273,
           1.834829, 1.314229, 1.579474, 0.761843, 0.881971, 1.345551, 0.080185,
           0.885792, 0.627601, 0.254372, 0.343396, 0.307658, 3.591661, 0.487681,
           4.779311, 0.226485, 0.41018, 2.458062, 8.302247, 0.098012, 2.897728,
           0.405736, 1.798544, 6.44148, 2.474529, 0.647351, 1.034147, 0.024055,
           0.669528, 0.843399, 1.257676),
  status = c(1, 1, 1, 1, 1, 1, 1, 1, 1, 1, 1, 0, 1, 1, 1, 1, 1, 1, 1, 1,
             1, 1, 1, 1, 1, 1, 1, 1, 1, 1, 0, 0, 0, 1, 1, 1, 1, 1, 1, 1, 1,
             1, 0, 1, 1, 1, 0, 0, 1, 1, 0, 0, 0, 1, 1, 0, 1, 1, 1, 0, 0, 1,
             1, 1, 0, 1, 1, 0, 1, 1, 1, 1, 1, 1, 1, 0, 1, 1, 1, 1, 1, 1, 1,
             0, 0, 1, 0, 1, 1, 0, 1, 1, 0, 0, 1, 1, 1, 1, 1, 1),
  score = c(-0.584907, -0.132183, 0.239026, -0.717109, 0.754996, -0.765164,
            0.690899, -1.099692, -1.602066, 0.178073, -0.605585, -0.608423,
            -0.185335, -0.66362, 0.498923, 0.197862, -1.086642, 1.100797,
            -0.17076, 0.505524, 0.556255, -0.536898, -0.828356, -1.435487,
            -1.324102, 0.466281, -0.320693, 1.057352, -1.232314, -0.244378,
            0.110447, -1.709314, 0.097618, -0.999537, -0.472518, -0.011212,
            -0.778574, 0.080732, 1.042117, 0.247379, 0.105367, 0.32879, -1.726903,
            -0.424999, 0.133131, -0.239121, -1.539613, -1.507652, -0.185144,
            -0.761001, -2.077914, -0.058226, -1.960011, 0.019585, 0.059258,
            -2.10656, -0.588731, -1.386351, -0.030583, -1.258696, -1.508681,
            -0.819132, -0.540683, -0.21918, -0.474588, 1.117382, -0.085488,
            -1.079547, 0.746967, -0.764978, 0.734648, -0.356915, 0.286168,
            -0.499731, 0.12153, -1.762253, -0.224263, -0.700996, 0.688174,
            1.707616, 1.344676, -1.131457, -0.200067, -1.78913, -1.463236,
            -0.152219, -0.513394, -0.597129, 0.541929, -0.645795, 0.590773,
            0.094416, -1.471145, -2.00467, 0.25121, -0.136568, -0.614297,
            -0.551989, 0.24044, -0.78662),
  threshold = seq(-2, 2, by = 0.1)
)

usethis::use_data(sample_data, overwrite = TRUE)
